33  6.77 197.02
27  10.65 171.85
32  24.68 210.08
31  27.58 194.6
26  33.87 177.66
29  45.97 209.11
28  51.29 194.6
25  54.19 182.02
30  61.94 210.56
250  77.42 212.98
23  59.03 165.08
24  29.52 156.37
22  27.58 130.73
21  66.77 140.89
20  30.97 110.89
19  52.74 116.21
18  72.58 120.56
11  28.55 83.79
14  47.42 87.66
2  42.58 68.31
10  51.77 75.08
9  71.13 74.6
149  29.05 47.99
1  46.7 48.57
7  59.43 50.59
8  76.51 54.35
13  92.42 56.67
12  66.67 40.75
3  46.99 16.16
5  60.88 16.45
6  75.64 16.16
4  46.99 6.61
34  98.79 41.04
15  103.41 23.39
17  117.59 29.47
16  109.2 9.51
48  68.69 179.06
47  84.9 183.11
49  105.15 188.9
50  123.09 194.98
51  139.0 199.61
44  90.1 166.04
45  109.49 172.99
46  129.17 179.35
42  95.02 153.31
43  123.09 163.44
40  97.63 141.16
41  122.22 148.39
135  88.37 123.51
35  102.84 128.43
37  103.7 111.07
36  130.61 119.46
38  148.26 125.82
39  164.47 129.87
151  180.38 202.21
66  165.62 148.39
65  161.57 161.7
64  182.7 170.38
63  189.06 155.63
62  193.98 136.82
60  194.56 99.78
59  123.67 83.58
58  142.19 87.34
57  157.52 92.84
61  201.5 83.58
152  115.86 60.43
52  134.95 63.9
53  151.45 66.22
54  164.76 68.82
55  178.93 70.27
56  192.53 73.16
96  137.85 43.07
94  154.05 56.09
95  142.48 18.76
93  158.68 20.21
92  178.07 37.28
91  178.93 20.5
90  199.19 39.89
89  201.79 24.26
88  222.05 40.47
87  224.65 26.87
86  253.59 29.18
610  224.36 87.05
160  212.79 103.83
300  202.66 201.92
350  211.05 210.6
111  219.44 198.16
110  242.88 198.16
112  259.95 198.45
113  277.31 198.45
114  294.38 198.45
108  212.5 178.19
109  226.97 187.16
107  252.14 184.27
105  218.0 161.41
106  232.17 170.67
101  222.34 146.08
102  236.52 155.05
103  252.14 165.46
104  265.45 174.43
197  226.39 135.66
97  229.86 126.11
98  239.41 133.35
99  250.11 140.29
100  268.05 153.31
450  279.92 163.15
67  237.67 105.57
68  250.4 113.09
69  262.56 121.19
70  275.0 129.01
71  288.31 137.4
72  244.33 85.89
73  258.22 94.28
74  270.95 102.1
75  285.7 110.49
76  250.4 63.32
77  259.66 67.95
78  268.92 72.58
79  277.89 79.24
80  270.66 57.25
81  270.66 38.15
84  289.76 50.3
85  289.47 87.92
82  272.1 17.03
83  288.89 16.16
